[app/ui]
version = 7.3.1.1
modtime = 1570502035.496165200

[app/launcher]
version = 7.3.1.1
modtime = 1570502035.513712200

[app/package/check_for_updates]
version = 7.3.1.1
modtime = 1570502035.535268300
